Distance: 0.0635032322531151, Radius: 0.021960746337679346, Interval: 0.008038394251806823, DailyLoc: 0.03568611733556633, Category: 0.0019403946808356372, 'G-RANK': 0.11589313719619468, OVR_ref: 0.43167995803685455
Distance: 0.07476302876137825, Radius: 0.030701959063200952, Interval: 0.008047124406632888, DailyLoc: 0.0405200075965943, Category: 0.00284410071909607, 'G-RANK': 0.12961532372074752, OVR_ref: 0.13366092381243896
