Distance: 0.05583075749987082, Radius: 0.023814742470360882, Interval: 0.008019342616770958, DailyLoc: 0.04571171126877609, Category: 0.002644413180145343, 'G-RANK': 0.11512214361384879
#allow_skip=True
Distance: 0.05583075749987082, Radius: 0.023814742470360882, Interval: 0.008019342616770958, DailyLoc: 0.04571171126877609, Category: 0.002644413180145343, 'G-RANK': 0.11512214361384879, OVR_ref: 0.4688601894829332
#allow_skip=False
Distance: 0.05583075749987082, Radius: 0.023814742470360882, Interval: 0.008019342616770958, DailyLoc: 0.04571171126877609, Category: 0.002644413180145343, 'G-RANK': 0.11512214361384879, OVR_ref: 0.9102511431655509

