Distance: 0.06158823103653222, Radius: 0.021997760260718664, Interval: 0.008171208551622698, DailyLoc: 0.035915595729734656, Category: 0.002068002310945113, 'G-RANK': 0.11384010039526779, OVR_ref: 0.46834525941498606
Distance: 0.06158823103653222, Radius: 0.021997760260718664, Interval: 0.008171208551622698, DailyLoc: 0.035915595729734656, Category: 0.002068002310945113, 'G-RANK': 0.11384010039526779, OVR_ref_skip: 0.46834525941498606, OVR_ref_strict: 0.9051507287705348, coverage: 0.16588226217112878
Distance: 0.06158823103653222, Radius: 0.021997760260718664, Interval: 0.008171208551622698, DailyLoc: 0.035915595729734656, Category: 0.002068002310945113, 'G-RANK': 0.11384010039526779, OVR_ref_skip: 0.46834525941498606, OVR_ref_strict: 0.9051507287705348, coverage: 0.16588226217112878, Unsat_ref: 0.9434457217807268
